10,99
10,147
10,5
10,251
10,7
10,267
10,115
9,5
55,4
55,3
55,2
55,1
55,0
54,4
54,3
8,6
8,14
54,2
54,1
54,0
53,4
53,3
8,16
8,10
53,2
8,5
53,1
53,0
52,3
52,2
52,1
52,0
50,3
50,2
50,1
50,0
12,3
12,2
12,1
11,30
11,29
11,28
11,27
11,26
11,25
11,24
11,23
11,22
11,21
11,20
11,19
11,18
11,17
11,16
11,15
11,14
11,13
11,12
11,11
11,10
11,9
11,8
11,7
11,6
11,5
11,4
11,3
11,2
11,1
10,310
10,295
10,292
10,283
10,272
10,270
10,268
10,266
20,2
20,1
10,260
20,3
10,254
10,253
10,246
10,244
19,2
19,1
10,238
19,3
10,236
10,219
10,217
10,214
10,213
10,210
10,205
10,199
10,198
10,194
10,188
10,186
18,1
10,122
18,3
10,76
14,1
10,64
10,1
